0,310
0,305
0,308
0,307
0,302
0,304
0,303
0,12
0,10
0,8
0,0
0,549
0,426
0,300
0,548
0,425
0,299
0,556
0,427
0,298
0,424
0,423
0,297
0,485
0,422
0,296
0,421
0,420
0,295
0,419
0,418
0,294
0,417
0,416
0,293
0,415
0,414
0,292
0,541
0,521
0,291
0,519
0,413
0,290
0,518
0,412
0,289
0,520
0,411
0,288
0,547
0,517
0,287
0,484
0,410
0,286
0,483
0,409
0,285
0,516
0,407
0,284
0,555
0,405
0,283
0,554
0,404
0,282
0,546
0,406
0,281
0,482
0,403
0,280
0,481
0,402
0,279
0,401
0,400
0,278
0,399
0,532
0,277
0,397
0,396
0,276
0,395
0,394
0,275
0,515
0,480
0,274
0,479
0,393
0,273
0,478
0,392
0,272
0,513
0,391
0,271
0,545
0,514
0,270
0,544
0,390
0,269
0,477
0,389
0,268
0,543
0,388
0,267
0,476
0,387
0,266
0,559
0,475
0,265
0,553
0,512
0,264
0,511
0,386
0,263
0,510
0,385
0,262
0,509
0,384
0,261
0,474
0,382
0,260
0,473
0,381
0,259
0,383
0,472
0,258
0,380
0,573
0,257
0,471
0,572
0,256
0,377
0,376
0,255
0,375
0,374
0,254
0,373
0,442
0,253
0,571
0,370
0,252
0,508
0,251
0,470
0,369
0,250
0,469
0,368
0,249
0,367
0,248
0,466
0,467
0,247
0,507
0,366
0,246
0,558
0,365
0,245
0,506
0,364
0,244
0,465
0,363
0,242
0,542
0,464
0,241
0,566
0,505
1,0
1,3
1,1
258,3
258,4
0,371
0,378
0,379
0,454
0,468
0,492
0,525
0,535
0,561
2,2
2,5
3,0
3,1
221,0
221,1
221,3
223,1
223,2
224,0
224,1
224,3
224,4
225,0
225,2
225,3
226,1
226,2
227,0
227,2
227,3
228,0
228,1
228,3
230,0
230,1
230,3
230,4
232,1
232,2
232,4
235,1
235,2
235,4
238,0
238,2
238,4
238,5
242,0
242,1
242,3
242,4
245,0
245,2
245,3
246,1
246,2
246,4
247,1
247,2
249,0
249,1
249,3
249,4
251,1
251,3
251,4
255,1
255,2
255,4
256,1
256,2
256,4
258,2
258,5
256,3
256,0
255,3
255,0
251,2
251,0
249,2
247,3
247,0
246,3
246,0
245,1
242,5
242,2
238,6
238,3
238,1
235,3
235,0
232,3
232,0
230,2
228,4
228,2
227,4
227,1
226,3
226,0
225,1
224,5
224,2
223,3
223,0
221,2
3,3
2,6
2,4
0,552
0,494
0,456
0,408
0,372
258,1
258,0
0,357
0,350
0,333
2,1
2,3
0,322
0,243
2,0
0,9
0,240
0,463
0,362
0,239
0,462
0,361
0,238
0,461
0,360
0,237
0,460
0,570
0,236
0,504
0,359
0,235
0,540
0,358
0,234
0,458
0,503
0,233
0,491
0,356
0,232
0,539
0,457
0,231
0,502
0,230
0,557
0,355
0,229
0,455
0,354
0,228
0,353
0,227
0,538
0,453
0,226
0,452
0,352
0,225
0,451
0,351
0,224
0,501
0,574
0,223
0,500
0,349
0,222
0,499
0,498
0,221
0,497
0,569
0,220
0,449
0,348
0,219
0,496
0,347
0,218
0,448
0,346
0,217
0,495
0,345
0,216
0,493
0,344
0,215
0,447
0,343
0,214
0,563
0,342
0,213
0,562
0,341
0,212
0,565
0,340
0,211
0,459
0,339
0,210
0,537
0,338
0,209
0,446
0,337
0,208
0,445
0,336
0,207
0,444
0,206
0,398
0,335
0,205
0,536
0,334
0,204
0,443
0,429
0,203
0,568
0,332
0,202
0,490
0,441
0,201
0,489
0,440
0,200
0,564
0,331
0,199
0,488
0,330
0,198
0,439
0,450
0,197
0,438
0,328
0,196
0,560
0,437
0,195
0,534
0,436
0,194
0,533
0,327
0,193
0,329
0,326
0,192
0,531
0,325
0,63
0,530
0,324
0,62
0,567
0,323
0,61
0,528
0,321
0,60
0,527
0,487
0,59
0,529
0,320
0,58
0,486
0,319
0,57
0,551
0,318
0,56
0,435
0,317
0,55
0,434
0,433
0,54
0,550
0,432
0,53
0,431
0,316
0,52
0,430
0,315
0,51
0,575
0,314
0,50
0,428
0,313
0,49
0,312
0,48
0,524
0,311
0,47
0,526
0,309
0,46
0,523
0,306
0,45
0,522
0,301
0,6
0,5
0,1
0,11
0,4
0,2
0,3
0,7
